543
513
504
499
564
518
489
506
511
513
497
536
498
503
569
522
497
515
484
474
497
495
470
503
483
501
518
508
505
467
514
467
463
522
471
482
498
494
485
479
508
482
458
507
445
532
544
502
496
491
501
506
514
549
460
506
479
488
486
526
516
505
474
505
496
508
514
526
493
492
538
473
489
485
527
509
495
509
485
523
507
485
469
440
506
499
503
497
466
490
474
496
490
490
486
507
519
488
505
502
539
510
430
503
483
502
496
544
495
452
515
465
490
491
517
491
482
512
480
530
464
510
550
511
504
498
510
511
